A = [1,3,8,0;2,5,5.5,9;4,6,2,15]
B = [2,8;0,9;3.5,100] 
X = [4,5,6,7,8]
Z = 5
